%YAML:1.0
---
LEFT-D: !!opencv-matrix
   rows: 5
   cols: 1
   dt: d
   data: [ -1.7011799999999999e-01, 2.3074100000000000e-02, 0., 0., 0. ]
LEFT-K: !!opencv-matrix
   rows: 3
   cols: 3
   dt: d
   data: [ 3.5004199999999997e+02, 0., 3.2370400000000001e+02, 0.,
       3.5004199999999997e+02, 1.7872000000000000e+02, 0., 0., 1. ]
LEFT-R: !!opencv-matrix
   rows: 3
   cols: 3
   dt: d
   data: [ 9.9988075119832653e-01, -5.3244629510232875e-04,
       1.5433725538994341e-02, 5.6441230730742325e-04,
       9.9999770468408644e-01, -2.0668975073871352e-03,
       -1.5432589601798340e-02, 2.0753620169780122e-03,
       9.9987875667536852e-01 ]
LEFT-P: !!opencv-matrix
   rows: 3
   cols: 4
   dt: d
   data: [ 2.5156854183262382e+02, 0., 3.3586917018890381e+02, 0., 0.,
       2.5156854183262382e+02, 1.7449588775634766e+02, 0., 0., 0., 1.,
       0. ]
Right-D: !!opencv-matrix
   rows: 5
   cols: 1
   dt: d
   data: [ -1.7311900000000000e-01, 2.6150199999999998e-02, 0., 0., 0. ]
Right-K: !!opencv-matrix
   rows: 3
   cols: 3
   dt: d
   data: [ 3.4999000000000001e+02, 0., 3.4189699999999999e+02, 0.,
       3.4999000000000001e+02, 1.9823300000000000e+02, 0., 0., 1. ]
Right-R: !!opencv-matrix
   rows: 3
   cols: 3
   dt: d
   data: [ 1., 3.8572863978424132e-16, -1.0043181564167725e-14,
       -3.5696112118571709e-16, 9.9999785508056427e-01,
       2.0711915099456278e-03, 1.0043181564167725e-14,
       -2.0711915099456261e-03, 9.9999785508056416e-01 ]
Right-P: !!opencv-matrix
   rows: 3
   cols: 4
   dt: d
   data: [ 2.5156854183262382e+02, 0., 3.3586917018890381e+02,
       -3.0188225019914857e+01, 0., 2.5156854183262382e+02,
       1.7449588775634766e+02, 0., 0., 0., 1., 0. ]
