%YAML:1.0
K1: !!opencv-matrix
   rows: 3
   cols: 3
   dt: d
   data: [347.56309573582496, 0.0, 324.46357010524514, 0.0, 347.68564117612186, 184.51025713954087, 0.0, 0.0, 1.0]
K2: !!opencv-matrix
   rows: 3
   cols: 3
   dt: d
   data: [346.90461379575413, 0.0, 343.51004249436886, 0.0, 346.8998247047017, 206.77428734760778, 0.0, 0.0, 1.0]
D1: !!opencv-matrix
   rows: 1
   cols: 5
   dt: d
   data: [-0.16678620279106288, 0.024227429566769095, -0.00198495535626442, 6.446585324111187e-05, 0.0]
D2: !!opencv-matrix
   rows: 1
   cols: 5
   dt: d
   data: [-0.16551567425504013, 0.02437099979915371, -0.0012999088129233868, 0.0013582264195161086, 0.0]
R: !!opencv-matrix
   rows: 3
   cols: 3
   dt: d
   data: [0.9999512214180696, -0.0004859906265383032, 0.009865018886025806, 0.0005907213795833888, 0.9999434716476837, -0.010616240268078761, -0.009859301839503244, 0.010621549900499025, 0.9998949829081796]
T: [-0.11964059009478238, -0.00024948970509260516, -0.0009150057255673531]